[39359.424, 6927883.669]
[36605.276, 6919296.042]
[51968.396, 6956663.707]
[52282.91, 6956065.244]
[55012.098, 6956139.953]
[45749.189, 6957718.628]
[47271.638, 6957503.8]
[47321.354, 6957424.918]
[55369.998, 6953334.133]
[36177.909, 6922420.368]
[133931.778, 7019178.316]
[134055.603, 7019069.878]
[134015.272, 7019177.666]
[148752.934, 7009033.868]
[152302.45, 7010041.02]
[124246.592, 6957473.991]
[81424.458, 6954192.001]
[36745.776, 6926507.541]
[105589.071, 6981303.234]
[103258.132, 6980739.269]
[100806.749, 6980560.677]
[124393.111, 6957726.784]
[115275.049, 6955678.994]
[117824.381, 6952668.508]
[94838.569, 6968512.94]
[94423.91, 6969260.806]
[94546.441, 6969123.211]
[94991.539, 6964453.598]
[125429.61, 6957109.702]
[126276.974, 6955383.916]
[111473.51, 6956917.456]
[111468.195, 6956827.615]
[111828.047, 6956413.691]
[114322.894, 6955784.565]
[111910.322, 6956307.934]
[116695.63, 6951758.967]
[117534.178, 6951664.063]
[117692.129, 6952041.219]
[99213.698, 6967694.052]
[102336.827, 6965977.741]
[104593.979, 6965681.966]
[104822.23, 6965503.504]
[55038.395, 6955987.206]
[55180.309, 6955356.159]
[138121.84, 7016816.62]
[138078.139, 7016756.783]
[137926.489, 7016564.908]
[137858.422, 7016476.969]
[137405.776, 7016031.715]
[137076.794, 7015708.738]
[137613.585, 7016234.601]
[137332.359, 7015953.4]
[136983.701, 7015637.432]
[135652.673, 7014815.804]
[135741.782, 7010440.362]
[169401.313, 7017658.582]
[165218.355, 7016808.547]
[164742.71, 7016733.593]
[164416.981, 7016683.373]
[163345.209, 7016513.197]
[163005.526, 7016454.771]
[163085.203, 7016462.482]
[162986.464, 7016458.527]
[162858.508, 7016473.605]
[162852.508, 7016413.785]
[163142.105, 7016160.046]
[35132.266, 6922662.275]
[158232.824, 7011245.423]
[159463.36, 7011502.419]
[158475.83, 7011189.425]
[44862.1, 6967919.994]
[42997.391, 6962314.144]
[36511.778, 6921793.993]
[36467.15, 6922504.454]
[36270.1, 6922479.741]
[36106.041, 6922330.44]
[35811.951, 6922221.08]
[35724.653, 6922211.825]
[35693.559, 6922271.656]
[35570.195, 6922289.472]
[35545.28, 6922307.951]
[35423.1, 6922409.6]
[35312.8, 6922431.697]
[35228.794, 6922466.87]
[176232.507, 7018140.747]
[173618.492, 7016620.609]
[173500.802, 7016578.818]
[173397.288, 7016597.323]
[176242.556, 7018387.914]
[174441.76, 7017785.096]
[172428.653, 7017363.818]
[172448.274, 7017519.064]
[80542.919, 6954477.63]
[80194.978, 6954530.103]
[79402.994, 6954538.61]
[79298.9, 6954577.481]
[78982.611, 6954676.254]
[78915.05, 6954685.07]
[78752.379, 6954704.945]
[78650.961, 6954717.353]
[77950.58, 6954661.109]
[77705.526, 6954680.109]
[77374.086, 6954675.63]
[75747.51, 6954501.489]
[74382.464, 6956247.119]
[70297.821, 6955757.502]
[69148.816, 6956531.578]
[52529.109, 6946015.039]
[52233.903, 6946100.3]
[49629.745, 6944936.574]
[49446.548, 6944835.426]
[49037.027, 6944785.762]
[48780.564, 6944778.293]
[48632.097, 6944793.198]
[42699.592, 6941955.693]
[41422.983, 6941346.898]
[39210.324, 6939840.962]
[38985.497, 6939723.498]
[38868.567, 6939670.396]
[38670.496, 6939580.798]
[38582.178, 6939540.199]
[38497.444, 6939501.346]
[32204.488, 6934640.805]
[32397.763, 6934602.783]
[32799.367, 6934464.28]
[33306.153, 6933725.372]
[33376.905, 6933538.969]
[33476.585, 6933387.758]
[33766.734, 6932417.925]
[35725.123, 6930065.948]
[38207.49, 6928844.496]
[38267.215, 6928824.362]
[38911.168, 6928545.339]
[39059.75, 6928428.905]
[39136.387, 6928363.696]
[39171.362, 6928334.338]
[39200.376, 6928309.46]
[39255.808, 6928263.158]
[39269.539, 6928252.378]
[39291.242, 6928177.237]
[39297.197, 6928143.377]
[39303.25, 6928109.9]
[39151.172, 6927513.954]
[39055.086, 6927362.39]
[39014.037, 6927275.026]
[38838.423, 6927011.384]
[38366.07, 6926883.33]
[38283.993, 6926879.215]
[37523.377, 6926733.188]
[37059.068, 6926604.938]
[34335.48, 6924993.346]
[34280.921, 6924854.989]
[34681.72, 6923448.542]
[152733.918, 7009994.836]
[148488.257, 7008693.737]
[147901.248, 7008315.525]
[143204.182, 7005201.055]
[136319.155, 7002572.129]
[144603.152, 7006275.805]
[135076.123, 7003142.928]
[54699.723, 6955934.137]
[134811.404, 7009425.074]
[104845.709, 6981155.489]
[104770.067, 6981127.988]
[103876.945, 6980871.148]
[103745.554, 6980843.186]
[102686.529, 6980723.001]
[102009.078, 6980732.969]
[101716.463, 6980766.868]
[101589.366, 6980782.864]
[101163.49, 6980710.014]
[101116.548, 6980588.838]
[101013.383, 6980563.31]
[115455.102, 6982696.021]
[106651.565, 6981459.524]
[128453.396, 6994895.317]
[128542.8, 6994803.316]
[126852.361, 6993452.161]
[125317.881, 6992173.596]
[123955.113, 6990869.011]
[128416.952, 6994928.911]
[128371.924, 6994970.742]
[128459.439, 6994704.439]
[128440.415, 6994684.12]
[44437.71, 6965133.4]
[44314.1, 6965016.4]
[43853.856, 6964640.622]
[152047.995, 6998908.805]
[152804.462, 6998661.814]
[152968.5, 6997984.241]
[154722.625, 6994648.301]
[155008.042, 6994616.904]
[155048.082, 6994579.859]
[155296.997, 6994151.637]
[155296.556, 6994127.556]
[155298.794, 6994013.293]
[155367.935, 6993740.736]
[155107.87, 6993362.993]
[154926.281, 6993323.422]
[154802.882, 6992866.925]
[169322.09, 6983920.53]
[169651.85, 6983718.96]
[170607.526, 6983410.884]
[169205.949, 6980254.809]
[170663.695, 6966089.988]
[130865.521, 6944532.038]
[140703.427, 6932553.743]
[140753.607, 6932458.877]
[141149.504, 6931435.471]
[169828.541, 6977574.324]
[155285.2, 6994222.903]
[168994.02, 6979660.742]
[169957.5, 6977227.86]
[170725.816, 6965913.897]
[170968.105, 6965588.268]
[171118.559, 6965432.129]
[171225.445, 6965323.723]
[171291.482, 6965256.521]
[171746.284, 6964863.984]
[171856.576, 6964772.197]
[171930.824, 6964693.414]
[172025.35, 6964574.492]
[172088.16, 6964497.892]
[172409.754, 6964362.927]
[174294.874, 6963941.627]
[178649.478, 6961551.672]
[179723.567, 6961374.064]
[184485.502, 6959702.933]
[188631.867, 6956574.142]
[189192.262, 6955697.392]
[190650.59, 6954705.495]
[192877.256, 6953944.583]
[193675.784, 6953069.792]
[206325.452, 6629895.605]
[206296.38, 6629929.829]
[206344.926, 6629870.417]
[195575.68, 6711824.78]
[236597.736, 6677228.966]
[238155.897, 6670844.684]
[237725.044, 6669667.417]
[237903.766, 6669876.1]
[237639.202, 6675253.246]
[279109.795, 6652390.998]
[279828.719, 6652258.457]
[276423.224, 6655991.779]
[280945.5, 6659788.495]
[287006.635, 6675942.789]
[286814.855, 6676015.045]
[277432.5, 6687127.706]
[276647.774, 6655807.976]
[272993.618, 6651357.002]
[272917.932, 6651289.584]
[248348.306, 6646284.129]
[280785.927, 6659853.477]
[279699.2, 6654372.7]
[281958.382, 6679465.814]
[255816.3, 6625381.3]
[286729.839, 6648902.669]
[285980.41, 6649023.68]
[264349.62, 6624191.59]
[282152.307, 6681249.297]
[279735.77, 6685512.223]
[280049.844, 6653841.918]
[279167.56, 6654971.444]
[280731.15, 6653036.578]
[277306.383, 6687029.363]
[280375.612, 6653467.407]
[282723.733, 6677730.801]
[83619.003, 6525216.53]
[155147.238, 6524727.981]
[155062.092, 6525383.651]
[126991.58, 6487665.37]
[158087.334, 6535263.076]
[113558.178, 6507533.873]
[80032.14, 6503352.15]
[82646.497, 6516730.402]
[117898.25, 6514504.238]
[125720.594, 6486142.517]
[68821.402, 6627689.446]
[84521.621, 6543008.374]
[84480.796, 6542913.445]
[86960.133, 6534875.778]
[83742.468, 6525053.992]
[270788.6, 7042072.5]
[241927.999, 6962785.241]
[197893.01, 7022615.798]
[198071.653, 7022711.098]
[198642.493, 7022780.308]
[198746.904, 7022789.83]
[270447.469, 7038566.993]
[271490.969, 7039147.135]
[88546.534, 6467502.529]
[88645.922, 6467361.273]
[85536.195, 6465753.234]
[87916.288, 6466888.688]
[94927.018, 6468325.309]
[96879.493, 6469326.274]
[92152.204, 6467646.284]
[88581.464, 6467417.532]
[51108.097, 6459863.667]
[85963.623, 6467399.68]
[77951.613, 6492683.16]
[84637.25, 6473613.204]
[86811.935, 6466937.731]
[51908.207, 6459391.087]
[90573.699, 6468309.579]
[270450.3, 6653372.8]
[270336.225, 6653042.482]
[262154.351, 6649734.343]
[256119.045, 6650447.011]
[265956.469, 6652476.972]
[265990.851, 6652397.852]
[261359.161, 6649525.842]
[328539.3, 7103234.8]
[328801.8, 7102296.0]
[328744.7, 7102902.5]
[327927.3, 7104966.4]
[328554.5, 7104103.3]
[328548.2, 7103850.1]
[296425.5, 7042381.2]
[335912.599, 7115800.035]
[331140.229, 7039590.773]
[313020.328, 7040527.799]
[243746.32, 6594241.8]
[237092.816, 6596317.349]
[227884.93, 6613850.24]
[231266.47, 6622654.74]
[229060.604, 6606526.657]
[355146.7, 6795983.7]
[286329.662, 6746106.792]
[339641.974, 6658321.902]
[341616.676, 6649940.633]
[426395.4, 7268730.5]
[426354.5, 7268831.8]
[254053.515, 6785986.449]
[246699.41, 6687266.61]
[163000.872, 6873369.029]
[261198.594, 6727389.733]
[198006.712, 6766525.782]
[197900.938, 6887175.79]
[198933.039, 6885253.534]
[236811.352, 6833902.27]
[247961.53, 6807811.5]
[220351.806, 6733123.474]
[266434.993, 6754633.984]
[264765.017, 6761806.45]
[213137.892, 6864076.755]
[175063.551, 6789178.592]
[264276.009, 6746890.06]
[253271.512, 6787936.55]
[260901.548, 6687065.702]
[261653.121, 6682378.489]
[243570.961, 6822608.006]
[265377.919, 6586505.73]
[292953.3, 6592153.3]
[269077.1, 6567685.0]
[268795.4, 6570484.9]
[255380.441, 6597520.594]
[269550.097, 6567735.364]
[291479.861, 6623549.849]
[280490.338, 6576720.021]
[289457.663, 6559428.186]
[193477.167, 6569941.869]
[175014.508, 6583996.265]
[175016.472, 6583996.677]
[175281.135, 6584055.189]
[175286.047, 6584056.209]
[132787.543, 6599734.607]
[183883.82, 6574581.271]
[169324.672, 6595760.465]
[193226.855, 6571838.456]
[193427.254, 6570976.208]
[193432.083, 6570138.195]
[104840.685, 6624555.376]
[194066.998, 6565019.907]
[194214.133, 6564352.67]
[195700.34, 6557182.44]
[84757.353, 6645429.109]
[173914.724, 6585162.244]
[172574.557, 6588804.887]
[173987.035, 6585344.272]
[178112.069, 6582666.129]
[180195.222, 6579023.894]
[155177.955, 6994489.624]
[155255.152, 6994343.173]
[154495.581, 6994662.692]
[199622.346, 6951613.748]
[197621.988, 6949318.533]
[197600.805, 6949224.101]
[191909.449, 6954374.868]
[177140.011, 6962147.588]
[177002.331, 6962331.121]
[176490.47, 6962807.489]
[174556.076, 6963787.388]
[173484.245, 6964276.382]
[173306.397, 6964349.376]
[173100.396, 6964404.276]
[172023.98, 6964576.219]
[171411.415, 6965134.889]
[171556.432, 6965009.406]
[170987.019, 6965567.581]
[170881.016, 6965652.46]
[170749.033, 6965867.272]
[49350.908, 6461371.154]
[234061.79, 6691893.646]
[233849.325, 6693783.767]
[261752.052, 6742076.515]
[238848.718, 6683165.989]
[240833.47, 6683841.479]
[228113.444, 6684209.447]
[225911.805, 6685183.46]
[224464.85, 6684956.614]
[221196.567, 6687597.036]
[220665.692, 6687969.294]
[242767.501, 6654427.8]
[84676.677, 6471246.249]
[84675.722, 6471407.326]
[84673.326, 6471607.308]
[84977.671, 6472302.881]
[84993.516, 6472399.574]
[84996.423, 6472592.653]
[84728.793, 6473189.014]
[84723.614, 6473212.823]
[84675.002, 6473386.656]
[84698.954, 6474435.502]
[87109.631, 6466823.95]
[168913.598, 6745303.077]
[84615.785, 6475054.05]
[83807.736, 6475842.765]
[82050.706, 6478382.003]
[81922.092, 6478535.918]
[80357.911, 6479325.318]
[79862.614, 6480325.861]
[79812.967, 6480589.467]
[79719.539, 6480892.107]
[80814.384, 6482837.415]
[80778.272, 6483806.498]
[104086.89, 6485592.94]
[104091.35, 6485848.98]
[104055.632, 6485220.902]
[272596.611, 6893055.185]
[191064.76, 6573827.871]
[183355.236, 6574718.925]
[176579.86, 6583456.626]
[27408.023, 6481283.425]
[19677.054, 6488586.373]
[31426.717, 6481090.627]
[94912.554, 6468530.305]
[91027.848, 6468118.774]
[54512.707, 6457669.506]
[48369.608, 6462847.313]
[47405.83, 6463236.748]
[46253.391, 6464355.52]
[45580.002, 6465174.42]
[38846.362, 6472279.498]
[35519.522, 6473500.184]
[35356.411, 6473530.257]
[83579.55, 6523786.643]
[83374.927, 6525496.258]
[84752.372, 6529659.928]
[71465.031, 6576494.653]
[72547.318, 6578906.549]
[74596.4, 6588666.5]
[73091.107, 6589848.347]
[72494.338, 6590021.16]
[71513.394, 6590961.281]
[65412.467, 6600590.636]
[64262.989, 6603551.245]
[66492.27, 6605358.113]
[70466.934, 6614728.941]
[69036.966, 6626386.518]
[68728.668, 6626982.937]
[240701.622, 6591833.543]
[239998.094, 6591624.263]
[239658.643, 6591330.421]
[241142.862, 6591539.388]
[83411.544, 6545195.342]
[79711.096, 6557163.196]
[73735.56, 6572873.375]
[73656.252, 6573014.6]
[73402.946, 6573522.792]
[73237.073, 6573854.912]
[72985.146, 6574332.05]
[220995.746, 6687737.691]
[220259.156, 6562658.942]
[203196.829, 6561335.171]
[177680.598, 6617409.833]
[175595.11, 6616165.288]
[135816.534, 6735835.717]
[89600.684, 6467816.716]
[165963.273, 6750286.204]
[237426.836, 6590919.458]
[235182.368, 6582030.008]
[232936.784, 6580752.328]
[228334.533, 6573006.425]
[226177.521, 6569632.334]
[224720.009, 6567114.351]
[174041.965, 6584887.556]
[266042.891, 6647652.977]
[281134.05, 6569930.521]
[277585.025, 6575541.192]
[277763.808, 6575537.887]
[276107.486, 6579650.773]
[273807.409, 6582009.897]
[269981.493, 6583263.877]
[268214.586, 6585652.329]
[258755.463, 6590728.953]
[258699.105, 6590690.67]
[258784.429, 6590772.459]
[256095.238, 6594119.28]
[259394.528, 6617340.696]
[259579.699, 6617321.001]
[260376.164, 6626468.512]
[262913.8, 6629993.8]
[262859.357, 6630100.201]
[266569.0, 6634644.733]
[266501.882, 6634674.533]
[266681.921, 6636157.536]
[253629.12, 6792873.653]
[255196.33, 6798374.253]
[248554.274, 6806111.671]
[255981.22, 6649822.641]
[255949.499, 6649718.941]
[255996.548, 6649638.836]
[255562.939, 6649433.67]
[253804.335, 6648881.233]
[285952.08, 6666599.08]
[285782.862, 6666540.673]
[288504.098, 6678367.738]
[288123.429, 6683246.719]
[288687.81, 6685830.738]
[291488.62, 6700781.877]
[293038.158, 6703400.503]
[252926.199, 6648571.474]
[249600.867, 6647313.65]
[248235.319, 6646091.624]
[248337.537, 6645983.089]
[233756.144, 6635128.632]
[231168.99, 6631096.981]
[231230.453, 6631178.904]
[231975.545, 6628931.746]
[262009.976, 6648500.287]
[262218.3, 6648860.7]
[262104.488, 6648650.741]
[232651.276, 6626959.131]
[232754.221, 6626942.122]
[228914.317, 6606533.461]
[229168.757, 6606512.35]
[260150.936, 6649209.851]
[227819.507, 6613899.137]
[231217.7, 6622713.3]
[231298.87, 6622616.334]
[258315.735, 6650468.788]
[258371.875, 6650565.442]
[234600.188, 6601677.872]
[234672.211, 6601480.425]
[236900.83, 6599167.968]
[236464.544, 6583970.253]
[236347.71, 6584092.03]
[228391.32, 6572901.23]
[228305.467, 6573065.509]
[226134.498, 6569602.164]
[222064.833, 6564402.387]
[222283.2, 6564161.53]
[275589.599, 6650838.826]
[277165.573, 6651350.282]
[220219.2, 6562735.57]
[220300.14, 6562596.94]
[217213.96, 6559993.68]
[293838.559, 6714607.675]
[294781.243, 6719985.294]
[297583.563, 6723553.674]
[297490.551, 6723650.008]
[297627.384, 6727626.273]
[296553.959, 6735450.876]
[211473.21, 6558041.3]
[211504.768, 6558106.022]
[203227.911, 6561405.529]
[203171.881, 6561297.202]
[197418.391, 6565458.318]
[195921.422, 6563314.274]
[194243.6, 6560778.5]
[194299.846, 6560716.867]
[262140.262, 6653616.72]
[263796.297, 7027575.124]
[289583.855, 6667695.136]
[294638.49, 6670868.1]
[301086.0, 6673886.2]
[274921.962, 7041516.329]
[260541.105, 7030606.596]
[158195.12, 6535221.95]
[135528.04, 6498448.02]
[134151.72, 6497196.66]
[134135.802, 6497395.594]
[124598.67, 6485232.926]
[123617.037, 6484755.819]
[123777.7, 6484673.82]
[122363.536, 6483048.961]
[122243.55, 6483121.62]
[112860.45, 6477484.152]
[117821.878, 6480554.506]
[117811.943, 6480635.906]
[117827.45, 6480494.744]
[109610.31, 6477572.86]
[109495.196, 6477785.823]
[106888.546, 6474945.739]
[97954.285, 6470331.668]
[97883.8, 6470371.127]
[98019.29, 6470283.049]
[96917.8, 6469382.708]
[96961.031, 6469421.552]
[97423.677, 6469341.201]
[95868.38, 6469644.786]
[237012.0, 6596313.801]
[237199.3, 6596330.8]
[237171.026, 6596208.584]
[237403.74, 6590928.3]
[295279.097, 6608105.577]
[295219.74, 6608018.53]
[295339.45, 6608165.76]
[40485.512, 6468953.352]
[259371.834, 6614870.954]
[259686.221, 6614830.717]
[280820.099, 6611653.812]
[286476.018, 6610028.671]
[292492.73, 6609954.02]
[292494.76, 6610077.67]
[246297.41, 6651540.166]
[315581.879, 6598323.466]
[294806.64, 6607474.32]
[279197.37, 6851802.035]
[271916.828, 6894199.386]
[273869.0, 6906288.4]
[355638.425, 6794947.328]
[236431.01, 6630607.979]
[233686.412, 6634650.779]
[36489.393, 6922437.97]
[52994.915, 6950717.369]
[39101.892, 6927462.144]
[123461.402, 6957311.371]
[128033.679, 6952108.222]
[39290.428, 6927657.037]
[51467.402, 6910022.235]
[48407.264, 6911497.963]
[32821.896, 6934450.508]
[123924.076, 6957152.976]
[42939.321, 6915249.172]
[49856.497, 6911077.766]
[170464.917, 6966615.449]
[47437.205, 6912550.506]
[34780.933, 6925687.609]
[46046.491, 6943573.686]
[52956.2, 6950950.385]
[34258.962, 6924801.321]
[127773.319, 6953604.584]
[123548.82, 6957224.63]
[38996.234, 6928483.78]
[33405.813, 6933487.999]
[116327.968, 6953139.81]
[170188.171, 6976447.457]
[117820.698, 6952656.215]
[33353.281, 6933612.108]
[170195.054, 6975266.817]
[44256.116, 6914910.345]
[37198.871, 6926643.28]
[126804.206, 6954594.457]
[170221.0, 6976215.43]
[52980.903, 6950592.36]
[50680.892, 6910713.909]
[123299.669, 6957422.502]
[34695.518, 6925623.035]
[40239.494, 6940915.597]
[45910.588, 6943393.485]
[128113.613, 6950868.889]
[52998.679, 6950691.707]
[138520.783, 7003059.4]
[44513.821, 6965836.482]
[123427.526, 6957366.811]
[33233.687, 6919791.222]
[54420.465, 6951919.942]
[52978.964, 6950420.906]
[123698.721, 6957129.527]
[133830.196, 7002162.771]
[170120.706, 6974240.882]
[35318.243, 6926018.273]
[38589.363, 6917509.469]
[123824.96, 6957108.899]
[52040.379, 6908094.026]
[49121.512, 6910968.565]
[184859.069, 6959441.598]
[128345.102, 6995451.553]
[124334.893, 6957656.149]
[52420.827, 6951882.476]
[129041.079, 6947245.939]
[123439.482, 6957345.418]
[39284.351, 6927861.381]
[52656.553, 6951927.606]
[180350.826, 7020737.278]
[337184.611, 7036441.617]
[425290.501, 7256063.515]
[425901.309, 7274762.356]
[346847.188, 7030514.051]
[423246.179, 7226852.248]
[334852.0, 7038920.3]
[379774.801, 7161887.306]
[332073.129, 7039362.813]
[379489.017, 7161749.73]
[397433.918, 7181502.219]
[337299.599, 7036235.203]
[164554.9, 7012558.6]
[164801.552, 7012841.058]
[413036.762, 7201916.552]
[379529.593, 7161765.481]
[381833.953, 7163211.623]
[331669.591, 7039587.019]
[380301.815, 7162250.567]
[261932.729, 7001854.461]
[397942.27, 7182180.05]
[348532.409, 7029470.721]
[369850.887, 7150822.72]
[427191.003, 7268577.001]
[185301.26, 7021224.129]
[379114.094, 7161615.755]
[426818.499, 7268643.7]
[179036.585, 7020511.624]
[379967.004, 7161982.831]
[263892.889, 7028017.869]
[379904.404, 7161951.684]
[262845.601, 7011373.001]
[263948.101, 7027997.51]
[425928.899, 7274516.706]
[371974.601, 7153795.1]
[340591.869, 7033594.609]
[351299.221, 7027146.94]
[411401.976, 7202122.612]
[420567.261, 7218036.841]
[335892.509, 7038078.833]
[263195.552, 7025701.188]
[240371.037, 7030201.234]
[185446.631, 7021188.345]
[426214.998, 7268628.598]
[263094.97, 7025668.664]
[380001.963, 7162002.68]
[393152.251, 7176202.181]
[164836.298, 7012778.795]
[336258.086, 7037888.102]
[375842.118, 7159069.352]
[336837.743, 7037457.77]
[380991.136, 7163149.434]
[413025.902, 7201887.643]
[262607.977, 7011263.43]
[379804.829, 7161902.224]
[397998.573, 7182223.479]
[350483.13, 7027798.76]
[371775.5, 7143102.105]
[423588.978, 7228216.41]
[179804.932, 7020709.048]
[425914.1, 7274648.299]
[180782.449, 7020886.74]
[421938.921, 7278785.467]
[226218.992, 6952582.41]
[210973.211, 6951235.09]
[254354.021, 6986724.268]
[232087.513, 6954815.592]
[223210.376, 6945143.106]
[225085.67, 6949012.681]
[227637.665, 6951528.941]
[228266.488, 6951797.979]
[243983.467, 6966734.592]
[226756.459, 6952256.971]
[227380.027, 6951312.506]
[259176.621, 6993053.293]
[228041.944, 6951693.507]
[253829.32, 6986369.09]
[221952.599, 6954460.827]
[222844.921, 6944526.472]
[223183.002, 6945104.853]
[237776.31, 6957710.55]
[259283.309, 6993781.7]
[245958.099, 6976409.798]
[226756.459, 6952256.971]
[228333.031, 6951819.176]
[223385.721, 6945202.51]
[226218.992, 6952582.41]
[246035.761, 6975702.215]
[260025.801, 6997309.688]
[228333.031, 6951819.176]
[243431.2, 6965935.03]
[227087.699, 6952038.8]
[253939.092, 6986415.14]
[228606.831, 6951886.68]
[246130.728, 6963987.865]
[245936.282, 6976340.155]
[248083.128, 6980824.53]
[227380.027, 6951312.506]
[237776.31, 6957710.55]
[246350.608, 6975091.843]
[227087.699, 6952038.8]
[209729.517, 6951776.111]
[237756.781, 6957696.611]
[256104.117, 6988591.039]
[240820.482, 6961193.734]
[245940.237, 6975826.837]
[225085.67, 6949012.681]
[225496.482, 6952793.88]
[245929.113, 6964151.871]
[222309.997, 6954385.501]
[222309.997, 6954385.501]
[221952.599, 6954460.827]
[261901.879, 6998109.935]
[227604.448, 6951598.433]
[228041.944, 6951693.507]
[232087.513, 6954815.592]
[223210.376, 6945143.106]
[221485.372, 6942080.148]
[243963.699, 6967864.468]
[225888.84, 6950051.255]
[228606.831, 6951886.68]
[225496.482, 6952793.88]
[222844.921, 6944526.472]
[225888.84, 6950051.255]
[210973.211, 6951235.09]
[228266.488, 6951797.979]
[240820.482, 6961193.734]
[209729.517, 6951776.111]
[223385.721, 6945202.51]
[245857.582, 6976180.207]
[221485.372, 6942080.148]
[227643.534, 6951548.803]
[253864.302, 6986410.823]
[227637.665, 6951528.941]
[223183.002, 6945104.853]
[237756.781, 6957696.611]
[551094.027, 7569219.258]
[551302.091, 7569179.07]
[604363.296, 7606370.566]
[574731.471, 7581442.285]
[539859.741, 7497893.79]
[538851.771, 7538994.201]
[526546.412, 7471827.966]
[605066.777, 7605234.817]
[599510.856, 7593663.291]
[599553.406, 7593732.966]
[556566.75, 7554010.399]
[537015.517, 7558623.431]
[574297.269, 7581716.68]
[573334.636, 7581252.397]
[575290.981, 7580960.97]
[536035.246, 7555882.154]
[537633.599, 7497713.04]
[518476.88, 7409802.539]
[516728.191, 7460859.568]
[516078.061, 7460086.717]
[481495.295, 7463241.947]
[516657.919, 7460990.112]
[518669.261, 7460333.253]
[521412.781, 7411774.795]
[517037.192, 7460311.619]
[516891.204, 7460416.786]
[517108.487, 7460324.002]
[518671.783, 7459802.172]
[473787.833, 7463401.447]
[474085.671, 7462144.87]
[518161.711, 7460667.906]
[473862.09, 7463417.83]
[517357.518, 7460326.082]
[516370.421, 7460252.33]
[490222.358, 7464591.08]
[487133.051, 7465101.641]
[516098.399, 7460091.676]
[516510.907, 7460306.288]
[517182.559, 7460336.834]
[461555.285, 7355961.653]
[461233.72, 7354543.274]
[453928.41, 7349468.527]
[493861.901, 7372692.518]
[460905.57, 7354124.17]
[506074.254, 7369998.282]
[434327.298, 7326514.873]
[497246.865, 7375996.373]
[453843.913, 7348024.602]
[460702.796, 7354112.143]
[426012.871, 7311886.962]
[454243.598, 7275025.449]
[465275.958, 7355442.16]
[496222.838, 7376081.489]
[453960.36, 7348933.691]
[325725.712, 7076173.671]
[323061.284, 7086290.75]
[325661.43, 7077907.004]
[371388.947, 7137943.116]
[323201.746, 7086487.762]
[693235.7, 7690972.92]
[727461.299, 7720209.696]
[706687.255, 7707029.199]
[706946.778, 7704197.841]
[707576.881, 7704947.431]
[711924.25, 7747215.98]
[715385.559, 7724922.576]
[712210.627, 7746979.443]
[715412.877, 7731097.584]
[707780.349, 7705137.488]
[706744.145, 7707440.886]
[707099.386, 7706484.673]
[695598.14, 7694186.256]
[714595.018, 7731653.211]
[707179.667, 7706422.062]
[709508.32, 7722897.397]
[724635.138, 7723419.621]
[671214.301, 7702308.6]
[682115.098, 7685731.56]
[135592.742, 7018791.639]
[154832.051, 6992150.198]
[160940.694, 6988226.458]
[117754.774, 6983541.062]
[154814.342, 6992205.464]
[117976.706, 6983641.548]
[105054.978, 6981137.957]
[118283.913, 6983764.641]
[95053.886, 6966968.353]
[135565.718, 7014759.532]
[154758.401, 6992492.297]
[135054.899, 7018816.277]
[135615.6, 7018702.401]
[137593.488, 7017937.819]
[135643.161, 7018479.688]
[107681.645, 6962848.043]
[118112.512, 6983717.031]
[117327.431, 6983322.53]
[146558.818, 7005681.294]
[118232.732, 6983752.24]
[121511.97, 6985374.545]
[121702.833, 6985431.18]
[144274.051, 7006126.029]
[158831.283, 6986924.619]
[154469.672, 6994663.364]
[102863.083, 6980716.4]
[122261.793, 6985770.408]
[138218.022, 7017358.714]
[147514.546, 7004569.006]
[158516.559, 6986952.25]
[137488.107, 7018142.577]
[136196.221, 7018342.62]
[97608.504, 6966977.422]
[95112.259, 6966849.343]
[157776.162, 6987159.969]
[154779.405, 6993190.097]
[118685.423, 6983814.575]
[97620.983, 6966993.055]
[730584.476, 7751851.122]
[732799.039, 7753265.885]
[732785.251, 7753230.157]
[732257.001, 7751832.133]
[732492.761, 7752411.033]
[731822.468, 7751384.97]
[732198.553, 7751630.479]
[852368.552, 7717945.718]
[765500.498, 7763340.399]
[832355.83, 7693599.156]
[765995.951, 7763457.99]
[728683.4, 7753892.62]
[820615.541, 7675225.281]
[737759.309, 7766918.13]
[735087.262, 7755228.351]
[732329.779, 7752046.087]
[729147.172, 7753170.137]
[769399.359, 7774883.943]
[742159.239, 7767825.577]
[835093.124, 7649342.156]
[728789.3, 7753728.9]
[852443.504, 7717990.162]
[770103.665, 7784896.038]
[728723.528, 7753843.854]
[272391.461, 7039322.645]
[274230.084, 7041648.039]
[264845.598, 7030172.6]
[269183.601, 7037236.401]
[268402.935, 7032563.99]
[272554.328, 7039231.952]
[268978.489, 7042052.31]
[269164.6, 7035198.4]
[268939.7, 7035186.8]
[273619.78, 7042013.36]
[270899.403, 7042802.957]
[271495.538, 7039149.318]
[265002.614, 7029969.708]
[270052.081, 7038299.464]
[272451.562, 7039252.73]
[269585.049, 7040062.548]
[269933.591, 7038231.505]
[268368.158, 7032584.815]
[269616.851, 7039552.147]
[267770.181, 7031119.049]
[267593.572, 7031111.861]
[264768.973, 7030047.977]
[273466.036, 7042121.046]
[268934.019, 7041656.751]
[273469.653, 7042119.18]
[267567.025, 7031180.581]
[270675.783, 7042607.645]
[267600.026, 7031300.62]
[270904.8, 7042317.0]
[273681.056, 7040364.558]
[268600.825, 7041955.28]
[273700.719, 7040432.907]
[274956.036, 7041541.841]
[269089.605, 7035323.275]
[822284.403, 7785531.618]
[817627.78, 7785284.88]
[818768.813, 7784853.244]
[820142.994, 7862839.073]
[818666.619, 7863670.874]
[807898.275, 7780619.025]
[819910.82, 7859299.795]
[820094.026, 7859708.947]
[305185.604, 7061234.489]
[320675.347, 7041853.549]
[305188.955, 7061644.556]
[314175.112, 7071040.658]
[307167.224, 7066252.358]
[295211.346, 7046797.961]
[294996.627, 7041847.192]
[313544.16, 7070992.891]
[316787.939, 7072414.107]
[297764.841, 7044156.888]
[304345.753, 7059705.433]
[304455.042, 7059782.492]
[305185.604, 7061234.489]
[304455.042, 7059782.492]
[310290.508, 7070012.629]
[295167.068, 7046819.369]
[316787.939, 7072414.107]
[296332.623, 7044092.448]
[309927.05, 7069453.983]
[307167.224, 7066252.358]
[304345.753, 7059705.433]
[305188.955, 7061644.556]
[310290.508, 7070012.629]
[313544.16, 7070992.891]
[309927.05, 7069453.983]
[293433.64, 7050750.914]
[296271.284, 7053014.191]
[296489.999, 7044108.381]
[295137.005, 7046792.011]
[319449.464, 7042054.902]
[297879.935, 7044158.091]
[324561.35, 7098503.127]
[337451.733, 7115821.031]
[328556.815, 7106449.082]
[324569.467, 7098423.858]
[341272.443, 7116660.969]
[335333.24, 7115347.12]
[350922.24, 7121971.47]
[327247.589, 7101441.853]
[339871.054, 7116212.763]
[329775.114, 7109364.026]
[324636.561, 7095031.754]
[324624.596, 7098487.355]
[341371.3, 7116693.9]
[324648.178, 7098476.941]
[327276.952, 7101424.162]
[45111.781, 6957862.869]
[54110.408, 6955977.009]
[53871.329, 6956054.84]
[44304.759, 6957867.059]
[46412.193, 6958689.891]
[44708.209, 6957888.558]
[51955.396, 6956627.682]
[44779.371, 6957886.178]
[54480.182, 6955905.267]
[46152.949, 6958584.408]
[71244.357, 6955364.368]
[65014.767, 6956714.305]
[49185.449, 6957249.468]
[55690.17, 6956476.683]
[53637.81, 6956108.769]
[52443.839, 6956129.092]
[79871.212, 6954515.5]
[54958.063, 6952779.415]
[55856.651, 6956397.666]
[44600.125, 6957866.839]
[52832.615, 6956215.853]
[44499.096, 6957858.658]
[46761.576, 6959903.058]
[78854.108, 6954692.499]
[43934.407, 6957969.767]
[55106.641, 6953409.323]
[44394.872, 6957853.157]
[73659.729, 6954850.217]
[52391.786, 6956085.85]
[44068.32, 6957965.522]
[45287.191, 6957826.75]
[44982.796, 6957889.642]
[45582.311, 6957754.682]
[44808.909, 6957845.628]
[72591.893, 6956040.031]
[68116.893, 6956899.667]
[81375.86, 6954182.266]
[52938.947, 6956215.376]
[54149.623, 6955964.632]
[51952.044, 6956559.351]
[68277.778, 6957003.807]
[935543.364, 7796322.392]
[970468.54, 7816139.987]
[896650.903, 7913317.207]
[988100.975, 7828111.156]
[869561.871, 7724975.18]
[879347.301, 7794226.706]
[935995.439, 7796824.574]
[921408.409, 7739393.858]
[897052.632, 7911480.594]
[995312.348, 7840366.558]
[893140.057, 7916123.627]
[878561.481, 7801148.016]
[878520.851, 7802980.604]
[908511.396, 7741562.296]
[984313.555, 7826149.304]
[909207.267, 7742255.221]
[921376.601, 7769493.069]
[908118.223, 7741051.475]
[896394.934, 7913206.456]
[935698.954, 7796468.385]
[903704.557, 7738502.735]
[907243.061, 7740200.24]
[193397.068, 6896388.702]
[193372.76, 6897153.031]
[174693.033, 6903842.699]
[193669.855, 6896296.398]
[147379.841, 6921725.713]
[193855.457, 6896450.823]
[192336.69, 6897980.48]
[196245.737, 6890128.343]
[1017632.102, 7843557.657]
[1069055.718, 7847573.007]
[1068259.249, 7845598.865]
[1071693.932, 7849370.663]
[1054516.255, 7842158.389]
[1017818.26, 7843500.478]
[1076102.832, 7854217.241]
[1060633.373, 7841626.483]
[1075960.714, 7854070.619]
[1074466.014, 7857645.154]
[1042729.074, 7841305.365]
[1063471.675, 7842730.555]
[1056051.475, 7841938.66]
[1038198.204, 7842458.498]
[1055196.207, 7842044.156]
[1030443.361, 7842192.718]
[1074801.434, 7860152.688]
[1017042.364, 7843693.388]
[1056783.544, 7842098.544]
[1022636.006, 7842369.598]
[1050239.516, 7842605.631]
[1070314.611, 7848950.636]
[1057123.49, 7842175.803]
[1040280.283, 7841860.685]
[1057187.255, 7842190.709]
[1074915.195, 7860397.65]
[1020299.669, 7842852.175]
[1055727.259, 7841972.996]
[1060843.745, 7841674.665]
[1015780.901, 7834514.276]
[1060730.504, 7841648.974]
[1065658.553, 7843832.479]
[1074844.138, 7860245.187]
[1022337.659, 7833930.294]
[1056947.769, 7842145.139]
[1057719.72, 7842143.645]
[1020899.688, 7842599.017]
[1019699.485, 7842973.116]
[1016089.566, 7843861.321]
[145964.901, 6880209.279]
[212463.465, 6856516.868]
[162132.5, 6873021.25]
[213176.93, 6864689.004]
[146125.394, 6879985.064]
[137995.5, 6883841.929]
[174521.962, 6872805.71]
[211857.162, 6850372.258]
[226520.391, 6837295.085]
[243555.041, 6822562.371]
[243623.979, 6822631.907]
[244209.72, 6821536.569]
[226387.096, 6837289.149]
[226467.566, 6837171.565]
[235175.366, 6833996.531]
[1095137.574, 7883842.628]
[1093739.329, 7874681.352]
[1046538.99, 7816696.343]
[1097588.652, 7886998.715]
[1076354.082, 7802141.349]
[1079070.478, 7863895.381]
[1082484.469, 7802440.42]
[1076799.959, 7806216.761]
[1080303.241, 7867831.023]
[1096218.698, 7878470.129]
[1095933.425, 7881757.013]
[1091697.183, 7873284.873]
[253677.94, 6792903.972]
[255239.193, 6798388.939]
[248500.936, 6806118.721]
[255593.649, 6784003.883]
[264583.549, 6762853.736]
[253535.16, 6776723.313]
[248604.674, 6806132.606]
[253584.603, 6792861.112]
[254550.4, 6783080.6]
[255649.1, 6783905.3]
[260764.785, 6768695.05]
[255482.999, 6783873.504]
[255586.581, 6783867.172]
[254463.979, 6773733.083]
[253247.048, 6787976.383]
[255147.845, 6798363.415]
[134152.965, 7020025.581]
[133527.19, 7019872.372]
[133991.888, 7019178.125]
[128345.102, 6995451.553]
[133833.189, 7018732.403]
[133925.35, 7019105.166]
[133955.582, 7020042.074]
[133495.198, 7019748.256]
[298227.434, 6746347.88]
[285415.348, 6751559.398]
[300407.51, 6748384.97]
[278886.579, 6756303.422]
[282424.902, 6753184.438]
[267187.811, 6761483.649]
[259367.7, 6729929.039]
[260352.654, 6735826.37]
[260652.67, 6734705.08]
[272922.132, 6760184.279]
[298702.632, 6744821.602]
[299378.165, 6749375.987]
[302910.04, 6751090.499]
[285396.367, 6751655.146]
[279129.08, 6756262.595]
[274812.225, 6758228.902]
[260512.957, 6734887.894]
[279671.0, 6756644.0]
[267174.96, 6761378.142]
[259533.69, 6728960.981]
[294485.861, 6737935.222]
[297564.955, 6727619.944]
[293798.756, 6714623.941]
[296720.001, 6734140.79]
[294798.425, 6719980.664]
[293888.787, 6714593.403]
[297714.756, 6727664.906]
[289293.763, 6745240.076]
[316584.318, 6747972.022]
[311263.991, 6754915.423]
[311519.355, 6754930.763]
[312199.905, 6754806.364]
[331271.835, 6771749.237]
[312057.349, 6755643.126]
[312211.89, 6754659.01]
[313374.457, 6752499.799]
[313334.099, 6752649.306]
[313513.201, 6752126.588]
[314176.76, 6751073.56]
[314466.566, 6755892.424]
[311880.879, 6756289.683]
[250991.452, 6689663.787]
[239618.71, 6657634.138]
[270857.4, 6667863.9]
[257260.557, 6692778.062]
[270768.092, 6663241.95]
[303009.298, 6674603.499]
[247136.58, 6688510.139]
[296925.723, 6671500.255]
[296678.096, 6671439.158]
[237503.253, 6666623.662]
[245825.192, 6686993.731]
[294872.3, 6671030.2]
[270753.743, 6663891.513]
[306696.598, 6676455.909]
[257407.381, 6692368.78]
[271437.177, 6661553.961]
[300481.005, 6673193.105]
[302230.1, 6674551.41]
[240187.841, 6656542.449]
[245848.361, 6687000.86]
[272426.264, 6659774.194]
[300817.901, 6673553.302]
[306783.4, 6676486.7]
[257362.747, 6692379.295]
[307596.202, 6676909.912]
[256884.78, 6693736.18]
[257273.528, 6692748.167]
[301999.802, 6674578.09]
[297519.702, 6671657.801]
[281975.212, 6678677.938]
[334697.196, 6675981.69]
[336349.004, 6682592.597]
[334679.913, 6675981.472]
[334809.435, 6675999.658]
[219145.197, 6688995.323]
[168750.561, 6744102.816]
[234729.863, 6677947.538]
[195432.885, 6712067.836]
[218827.469, 6689198.366]
[219226.731, 6688912.517]
[234901.436, 6680388.769]
[168926.286, 6745381.109]
[170144.015, 6744259.094]
[195279.488, 6712255.622]
[195198.781, 6712345.624]
[220762.034, 6687901.287]
[195520.832, 6711951.457]
[224405.463, 6667407.027]
[224559.454, 6667616.233]
[219468.449, 6688662.761]
[230047.125, 6683816.782]
[237489.508, 6675964.217]
[212071.693, 6692503.07]
[339578.702, 6658415.499]
[281369.431, 6859481.507]
[301767.7, 6798497.498]
[324023.673, 6681775.998]
[281627.062, 6861032.848]
[279115.158, 6851083.89]
[339104.598, 6652658.192]
[327657.674, 6678684.139]
[256750.299, 6951358.803]
[303104.659, 6793569.268]
[288036.395, 6833013.728]
[319731.422, 6683371.242]
[316002.809, 6684570.174]
[303247.146, 6777717.566]
[315952.73, 6684488.711]
[315928.127, 6684432.543]
[317434.801, 6684461.41]
[303026.298, 6775451.31]
[283513.693, 6862754.323]
[259693.8, 6945920.6]
[303759.082, 6779233.304]
[304203.433, 6781163.675]
[302332.689, 6797073.553]
[302623.101, 6796596.099]
[118442.525, 6726934.789]
[126601.25, 6729868.07]
[214203.302, 6637038.102]
[151020.132, 6764470.26]
[136063.164, 6736448.866]
[129083.787, 6730871.767]
[201807.515, 6626154.083]
[127191.855, 6729936.623]
[129869.247, 6731483.016]
[197810.734, 6622728.347]
[198494.172, 6624479.463]
[127603.665, 6730041.286]
[201632.167, 6626159.572]
[195995.508, 6621723.76]
[130360.465, 6731849.255]
[196068.344, 6621607.084]
[198754.733, 6624509.479]
[143352.258, 6766204.059]
[150937.573, 6764488.169]
[194189.077, 6622435.648]
[201759.985, 6625964.295]
[118195.69, 6727177.769]
[138307.458, 6734335.125]
[153626.893, 6761785.429]
[255672.904, 6702934.291]
[255218.816, 6704985.334]
[137050.238, 6804310.759]
[179186.334, 6781064.537]
[176436.559, 6786323.752]
[207448.151, 6750339.07]
[255073.019, 6704203.083]
[176184.567, 6786596.593]
[200383.038, 6763426.292]
[255906.673, 6698282.049]
[169280.059, 6793187.81]
[201545.37, 6759570.621]
[179385.652, 6780895.759]
[204172.161, 6755079.889]
[207707.177, 6750210.552]
[192013.881, 6772435.279]
[191975.366, 6772465.776]
[208068.7, 6749858.4]
[171302.522, 6793131.2]
[167690.149, 6793784.65]
[152920.111, 6794210.588]
[209453.93, 6747703.948]
[146385.32, 6798594.63]
[131206.37, 6802089.311]
[254974.476, 6704172.122]
[138152.209, 6804273.201]
[167505.012, 6793842.049]
[154264.1, 6793760.13]
[187793.857, 6774256.365]
[168466.432, 6793685.018]
[260591.181, 6710288.804]
[256815.024, 6707369.455]
[143617.086, 6803822.272]
[199590.82, 6763970.31]
[204081.302, 6755262.775]
[144990.542, 6801119.225]
[255919.613, 6698341.881]
[255657.175, 6703003.059]
[137609.6, 6804333.13]
[204562.968, 6754309.372]
[209171.36, 6748309.8]
[164609.482, 6795688.118]
[208749.378, 6748851.292]
[162656.373, 6795744.892]
[205359.549, 6752098.8]
[189702.522, 6774294.858]
[152853.258, 6794268.981]
[166248.339, 6794322.911]
[286974.827, 6746539.11]
[286692.383, 6746369.672]
[287892.092, 6746544.86]
[275115.288, 6890990.387]
[271784.678, 6894329.553]
[287953.438, 6748476.672]
[271600.506, 6894444.371]
[286629.79, 6746325.0]
[243258.308, 6654232.717]
[259989.048, 6624535.936]
[242275.472, 6654553.272]
[244981.67, 6653067.145]
[263220.429, 6625830.112]
[263144.672, 6631716.66]
[220695.959, 6634268.817]
[241906.83, 6655056.092]
[263407.898, 6625452.104]
[267027.422, 6622935.229]
[248042.771, 6649230.574]
[263251.817, 6625768.476]
[248121.73, 6649260.231]
[247624.03, 6649698.85]
[230787.37, 6631511.65]
[231839.24, 6632286.082]
[244175.196, 6653359.035]
[245018.431, 6653174.305]
[270309.951, 6619182.262]
[244329.002, 6653378.22]
[240446.361, 6631568.784]
[244895.778, 6653182.081]
[233715.453, 6634835.095]
[233516.771, 6634727.561]
[260287.788, 6626581.918]
[246474.761, 6651527.662]
[263091.112, 6628315.612]
[248018.0, 6649200.447]
[216186.553, 6554975.337]
[212158.912, 6558188.33]
[234190.044, 6581562.522]
[226539.775, 6569469.425]
[238259.773, 6591138.524]
[216339.037, 6555109.874]
[195564.103, 6563246.999]
[236457.811, 6584085.801]
[235236.793, 6581988.695]
[216472.369, 6555145.9]
[235119.587, 6582079.479]
[226819.633, 6569567.109]
[271376.172, 6571722.535]
[264255.14, 6586864.22]
[265328.682, 6586570.758]
[266403.908, 6573170.302]
[253545.5, 6596274.302]
[272826.289, 6573788.394]
[253583.996, 6596171.805]
[271101.803, 6571231.604]
[266714.489, 6572979.747]
[271206.303, 6571395.004]
[271260.703, 6571489.705]
[264823.71, 6586743.6]
[269651.051, 6568715.9]
[273028.804, 6574080.205]
[264893.801, 6586728.7]
[266707.918, 6572984.597]
[194589.547, 6556231.1]
[193514.946, 6569839.077]
[194645.758, 6556708.443]
[174251.4, 6584719.6]
[194424.78, 6873845.65]
[174352.898, 6584263.502]
[189918.924, 6572777.728]
[189753.676, 6572068.59]
[186991.663, 6573400.33]
[164460.154, 6600621.691]
[191084.667, 6573941.496]
[193034.701, 6572106.199]
[287217.92, 6559608.967]
[278924.531, 6576053.403]
[288867.045, 6559389.53]
[294738.25, 6596884.719]
[281647.463, 6576335.156]
[292843.0, 6591893.999]
[292450.34, 6559591.012]
[291392.626, 6626961.236]
[292441.274, 6619921.983]
[294644.724, 6607366.663]
[292382.249, 6616257.643]
[294706.762, 6607408.871]
[291387.911, 6622933.109]
[273647.88, 6652074.969]
[273422.891, 6651801.417]
[273075.378, 6651551.691]
[273733.907, 6652383.35]
[137533.861, 6610018.87]
[104055.37, 6624723.59]
[104882.563, 6624491.827]
[172362.994, 6618395.513]
[130844.91, 6602892.183]
[131838.681, 6607206.677]
[118053.269, 6613961.39]
[132050.035, 6601124.395]
[130767.885, 6602862.041]
[158807.701, 6623943.199]
[157757.594, 6624778.679]
[94819.748, 6633565.759]
[129800.461, 6579481.076]
[130728.403, 6602844.901]
[115385.127, 6615219.379]
[175754.216, 6616117.907]
[130903.227, 6606841.154]
[128230.957, 6561211.529]
[140592.707, 6613619.734]
[278224.759, 6655405.52]
[288456.499, 6644365.208]
[288672.127, 6642208.41]
[288452.251, 6644386.399]
[280998.143, 6652656.384]
[283940.428, 6651010.522]
[280648.574, 6659570.386]
[282820.77, 6651696.35]
[288500.725, 6644025.617]
[286705.8, 6648456.895]
[280953.687, 6652747.135]
[284730.032, 6649883.347]
[285238.64, 6649260.58]
[279998.131, 6655311.47]
[284171.971, 6650320.738]
[288682.857, 6642140.588]
[279607.054, 6654631.01]
[286684.363, 6648711.228]
[279709.782, 6654723.792]
[86665.13, 6467053.53]
[94490.61, 6469476.044]
[132857.088, 6495719.907]
[84712.014, 6466239.702]
[84682.418, 6474786.816]
[86221.835, 6465965.472]
[85909.757, 6465591.12]
[84065.081, 6466608.103]
[84724.272, 6473986.383]
[83722.747, 6466711.974]
[86987.441, 6466906.03]
[97067.423, 6475826.791]
[86513.318, 6467129.788]
[86427.099, 6467173.918]
[84793.143, 6470712.002]
[86082.624, 6465456.267]
[86621.103, 6467075.727]
[92963.5, 6467584.63]
[85731.552, 6465694.428]
[86375.839, 6465953.189]
[35263.352, 6473540.694]
[56877.659, 6457106.359]
[34538.174, 6473673.23]
[44741.88, 6465385.399]
[33085.036, 6477117.617]
[53864.332, 6458167.042]
[39637.517, 6471523.191]
[14377.305, 6490438.871]
[79998.122, 6513942.149]
[34134.148, 6473771.672]
[33864.277, 6474042.049]
[32417.389, 6479488.666]
[32536.56, 6479066.17]
[13635.388, 6491602.143]
[44797.016, 6465395.409]
[33023.554, 6477872.136]
[22596.962, 6484582.137]
[34225.356, 6473694.258]
[33679.007, 6474051.234]
[14322.054, 6491079.333]
[34845.506, 6473676.044]
[22713.456, 6484533.505]
[38930.768, 6472246.498]
[13711.867, 6491538.584]
[42119.07, 6467145.801]
[260893.802, 6649204.1]
[263963.3, 6644151.099]
[266964.568, 6651219.355]
[262755.832, 6647281.447]
[262169.8, 6648887.3]
[263557.907, 6642029.65]
[262401.161, 6648905.067]
[261108.179, 6649306.809]
[263045.308, 6648618.374]
[263757.912, 6642378.36]
[265204.865, 6649146.579]
[266917.118, 6651346.203]
[261342.0, 6649588.6]
[261201.699, 6649391.299]
[264885.171, 6651645.894]
[262918.552, 6648713.197]
[262444.09, 6648957.149]
[262721.412, 6648824.573]
[261683.399, 6649940.799]
[263985.799, 6643968.707]
[264855.482, 6648948.387]
[262158.963, 6649706.013]
[262316.279, 6648804.588]
[262914.324, 6648283.937]
[264227.932, 6648161.481]
[266330.486, 6648171.151]
[262087.786, 6648736.062]
[263250.13, 6653799.311]
[263767.641, 6653748.47]
[264180.658, 6648119.938]
[265865.571, 6650805.068]
[262112.574, 6653625.211]
[262986.608, 6648674.543]
[270304.306, 6654155.991]
[262175.056, 6648683.89]
[73425.699, 6568281.867]
[125102.749, 6534224.968]
[74114.468, 6587536.776]
[125238.951, 6534563.903]
[71506.849, 6591916.794]
[71463.951, 6591694.559]
[73426.01, 6585350.533]
[71512.66, 6592013.147]
[63708.165, 6601304.342]
[71702.492, 6563793.48]
[84580.9, 6543246.592]
[115318.711, 6527333.51]
[71273.294, 6618524.769]
[73138.901, 6574052.798]
[73420.49, 6585221.257]
[73563.858, 6582378.771]
[115047.21, 6527250.83]
[-12017.845, 6522434.736]
[8252.815, 6833513.189]
[17527.637, 6844267.063]
[105614.162, 6790822.656]
[41998.239, 6855050.239]
[44165.374, 6855406.903]
[7283.71, 6833790.248]
[40839.391, 6853959.364]
[62628.026, 6810485.848]
[7448.348, 6833503.371]
[95520.511, 6796684.74]
[120708.941, 6791462.818]
[75647.608, 6814128.198]
[105093.572, 6791223.295]
[48409.494, 6856119.483]
[46926.505, 6801877.901]
[-12631.083, 6789677.247]
[-10230.252, 6781494.419]
[-13138.513, 6788572.79]
[-10204.383, 6811369.466]
[46731.769, 6801697.522]
[65862.998, 6891211.999]
[-12353.675, 6786484.508]
[-2753.701, 6904239.9]
[-17126.113, 6906888.483]
[-24105.834, 6870668.722]
